[config]
versions=v1


[tasks]
num=4

[task1]
text=25号车厢卸货
carriage_id=25010
work_type=0
x=1.5
y=2.2
z=1.2
ox=-0.00054
oy=-3.00208
oz=0.095597
ow=0.995419

[task2]
text=25号车厢装货
carriage_id=25010
work_type=1
x=6.5
y=9.2
z=1.1
ox=0.00017
oy=-0.0002
oz=-0.8545
ow=0.51943

[task3]
text=23号车厢卸货
carriage_id=23001
work_type=0
x=1.5
y=2.2
z=1.2
ox=-0.00054
oy=-3.00208
oz=0.095597
ow=0.995419

[task4]
text=23号车厢装货
carriage_id=23001
work_type=1
x=6.5
y=9.2
z=1.1
ox=0.00017
oy=-0.0002
oz=-0.8545
ow=0.51943
